전체건수|직책건수|직책종류|최대       |최소      |평균                   |
----+----+----+---------+--------+---------------------+
  29|  29|   6|225996000|32300000|83247724.137931034483|

직책  |인원수|최소       |최대       |평균                   |
----+---+---------+---------+---------------------+
과장  |  6| 72992000| 83996000|78828000.000000000000|
본부장 |  3|132996000|220992000|   166329333.33333333|
사원  |  7| 32300000| 51996000|43325714.285714285714|
대표이사|  1|225996000|225996000|   225996000.00000000|
대리  |  6| 55000000| 74996000|64830666.666666666667|
팀장  |  6| 83996000| 90996000|87328000.000000000000|

부서 |인원수|평균                   |
---+---+---------------------+
10 |  5|61796800.000000000000|
06 |  4|70996000.000000000000|
07 |  4|65322000.000000000000|
09 |  4|68494000.000000000000|
05 |  4|70745000.000000000000|
08 |  4|69497000.000000000000|

org_cd|position|avg                  |
------+--------+---------------------+
06    |사원      |42996000.000000000000|
07    |과장      |75996000.000000000000|
07    |사원      |32300000.000000000000|
08    |대리      |62996000.000000000000|
06    |과장      |79992000.000000000000|
09    |대리      |56996000.000000000000|
10    |사원      |41998000.000000000000|
08    |과장      |82000000.000000000000|
09    |사원      |49996000.000000000000|
08    |사원      |41996000.000000000000|
05    |사원      |51996000.000000000000|
06    |대리      |74996000.000000000000|
05    |과장      |72992000.000000000000|
05    |대리      |70000000.000000000000|
10    |과장      |83996000.000000000000|
07    |대리      |68996000.000000000000|
10    |대리      |55000000.000000000000|
09    |과장      |77992000.000000000000|

org_cd|과장                   |대리                   |사원                   |
------+---------------------+---------------------+---------------------+
09    |77992000.000000000000|56996000.000000000000|49996000.000000000000|
07    |75996000.000000000000|68996000.000000000000|32300000.000000000000|
10    |83996000.000000000000|55000000.000000000000|41998000.000000000000|
06    |79992000.000000000000|74996000.000000000000|42996000.000000000000|
05    |72992000.000000000000|70000000.000000000000|51996000.000000000000|
08    |82000000.000000000000|62996000.000000000000|41996000.000000000000|

org_cd|팀장|과장|대리|사원|
------+--+--+--+--+
10    | 1| 1| 1| 2|
06    | 1| 1| 1| 1|
03    | 0| 0| 0| 0|
01    | 0| 0| 0| 0|
04    | 0| 0| 0| 0|
02    | 0| 0| 0| 0|
07    | 1| 1| 1| 1|
09    | 1| 1| 1| 1|
05    | 1| 1| 1| 1|
08    | 1| 1| 1| 1|

org_cd|팀장|과장|대리|사원|
------+--+--+--+--+
10    | 1| 1| 1| 2|
06    | 1| 1| 1| 1|
03    | 0| 0| 0| 0|
01    | 0| 0| 0| 0|
04    | 0| 0| 0| 0|
02    | 0| 0| 0| 0|
07    | 1| 1| 1| 1|
09    | 1| 1| 1| 1|
05    | 1| 1| 1| 1|
08    | 1| 1| 1| 1|